---
layout: post
title: "7단계 1번"
modified:
categories: blog
excerpt:
tags: []
image:
  feature:
date: 2015-05-30T14:45:00-46:00
---

##프로그램 명: t_dim(open)
제한시간: 1 초


12 개의 수가 입력으로 주어진다.
이 수열을 3 행 4 열 배열로 행 우선으로 입력 받은 후 , 행 우선(row major) ,열 우선(column major)으로 출력하는 것이 문제이다.

###입력
-100 에서 100 사이의 수가 12 개 주어진다.

###출력
행 우선으로 출력 후 , 한 줄의 공백을 준 후 열 우선으로 출력한다.

-------
> ##입출력 예

> ####입력
50 -2 47 14 18 93 -70 -73 88 -9 17 100

> ####출력
50 -2 47 14 
18 93 -70 -73 
88 -9 17 100 
>
50 18 88 
-2 93 -9 
47 -70 17 
14 -73 100 

------

[정답확인(X)]

[정답확인]: http://183.106.113.109/judgeonline/showmessage.php?pname=t_dim
[jekyll-gh]: https://github.com/jekyll/jekyll
[jekyll]:    http://jekyllrb.com